0.18044534803542728
0.6201552583232968
0.3345144705647115
0.33414330779349277
0.08311209542337572
0.0
0.3557075648441962
0.6664908596601925
0.23029585334970726
0.6936963314609974
0.5775729977483702
0.39936157653235077
0.46040308233342864
0.1427584422795829
0.31059622187692576
0.14516470577290858
0.1968806455983632
0.33103091715773597
0.3059279725631455
0.0
0.8829153567999899
0.2846579577831076
0.41622450460231364
0.20543366603375057
0.07359010479464961
0.3773137065158948
0.16591878979447106
0.1986518270291014
0.2441643629924668
0.06422611050820004
0.13583677613742573
0.4032978367131807
0.25509079440116744
0.5046257173309772
0.7749815332483603
0.23439572956014854
0.26380580433210105
0.6112347053410663
0.3250018016165924
0.43779835174055654
0.20388377809538005
0.0
0.17683720073116777
0.4308580759965721
0.3429862763894695
0.45966751468286826
0.812969960998278
0.0
0.36742509315036637
0.2026726141712536
0.2936291096646517
0.32083955780583895
0.12556257130956322
0.22614116903443338
0.329020441669881
0.7812814475405944
0.5182503955249487
0.18522064885911504
0.5610546050575161
0.701912998399347
0.32581890422327037
0.5128527677546422
0.4892704341855815
0.31445416032612633
0.6272638261829044
0.31901743184900344
0.4706801628501406
0.28216112368108687
0.5380646208495626
0.27125801606100425
0.37740517795850675
0.09161941587622319
0.3423559702951652
0.3748462440870019
0.3878287790041546
0.19074756287240585
0.6102725148162434
0.8261579982636693
0.13843850891552406
0.08734334472118926
0.6323414173761098
0.2807381550289394
0.4453105474498798
0.18784493194266155
0.6069145771360943
0.3014786121989382
0.2622178233089558
0.38351912817252
0.2211167878889737
0.8348255675763467
0.1384657701122815
0.4465136115052727
0.4422458169126342
0.3856159229900371
0.29664295435497595
0.4502516389518995
0.238705116926611
0.5822663429382698
0.5691372663725368
0.23175548585096328
0.48483945828331726
0.3271244926545861
0.20826244906298064
0.27201635020940707
0.33704311376967927
0.44174507539330254
0.2248157055879712
0.1338574616877084
0.41192734325907554
0.2521000556202738
0.30013907383804456
0.3395440270282893
0.6059289153676395
0.343655200127877
0.22048278614446154
0.6028543963961598
0.5531268047575458
0.27673698717737394
0.8054897218276611
0.3709307006452489
0.009966662625128131
0.11670657130650541
0.11019137481184232
0.414474889652251
0.3540792245434869
0.5511657038180211
0.37207996995690723
0.14761185898983853
0.17959217483932732
0.204512480470325
0.43078228274007174
0.3082851332470089
0.6851669544570965
0.5847453705846973
0.17602367888316173
0.110696054468434
0.5566196231788172
0.45746325401907806
0.47276091632966
0.43045262407943025
0.33805380770179816
0.2978183144876297
0.7840877118506857
0.5253274957654397
0.24348711957556401
0.4054643654239584
0.09908390814701329
0.14206006055373055
0.2455787346544388
0.4556141455502565
0.5006995204092748
0.7996535197781645
0.48881520472698775
0.6581506191924548
0.851967506189004
0.3834143744695063
0.23484860129201923
0.2557395894793113
0.49971525138506384
0.12015003261594248
0.4750662890954501
0.36450054567296963
0.5333400632086961
0.13408735622829743
0.23897233552611835
0.4612832545260399
0.6502275764214421
0.09507455084910366
0.612777440252826
0.43999664999018884
0.13346356960602213
0.28717531596818324
0.7641369131067455
0.15398850155947752
0.9132935653232406
0.810064384811439
0.7458558948872458
0.45849146615310254
0.10506217830616343
0.41618906194067185
0.5136183061176443
0.8996512878031474
0.2916421612601893
0.042543029378401986
0.25876601340279726
0.38873251670347875
0.043870916554691
0.598101557615761
0.37355426740624037
0.10103058165804152
0.32656477964822905
0.6205784403909506
0.38410767419932484
0.16684486717243274
0.44719727107250323
0.036963386532620546
0.47640728947199723
0.9530236226818675
0.3253010415383668
0.3976935130940891
0.2101650043926273
0.2861831753384638
0.2006439979605203
0.08988865633156345
0.3198908638053346
0.4207247576123588
0.23839288126193536
0.333065757720607
0.5027266912852733
0.20296026872095596
0.38303456811144043
0.363498909197145
0.2768037794770226
0.3638466926007089
0.40044275922649514
0.055583737572230285
0.13469601200666675
0.5381446578220186
0.6572162014025996
0.295684778867123
0.7368237569946209
0.8680871528284542
0.17862866120605875
0.1822669955785821
0.47299208815069693
0.6097226976333897
0.25627631306912935
0.8371194068360315
0.3694978961523232
0.22990896853080178
0.5074322258679422
0.1482381445695793
0.4484509425999445
0.6875176737172527
0.6316680013787626
0.3339229359496101
0.4969915450191131
0.8450461962297524
0.0821464164193621
0.3172313540110372
0.1540972155735582
0.0
0.558348760122898
0.7066218094126047
0.5052303855825175
0.8170511796659897
0.3216331476424042
0.5049285216551463
0.47411516781266616
0.630187641245593
0.6645961480615337
0.4408016756233646
0.16728985416529446
0.4717151348523486
0.365870590756569
0.7742102468757647
0.4808154186827927
0.30936922696730557
0.27257371876261594
0.4556743627577533
0.5010652686767976
0.4989883398665081
0.09583477291388387
0.49184605885822974
0.05208613720088323
0.5081007612550017
0.6402416280009781
0.06762658408080646
0.2496077485493906
0.4893403244441415
0.1817122227580188
0.26686977224276864
0.07530089420010017
0.11904340255228851
0.6595073458133895
0.17714096998136292
0.3261287093075077
0.311543479307098
0.12504442560937756
0.26348764036271755
0.11023361837566437
0.24642281224822715
0.6966820681305809
0.12009382233046051
0.7948550181527191
0.326418192434336
0.26392196711151356
0.1781431255431557
0.506739670424423
0.2939696678648758
0.3782329401320189
0.1813644945937244
0.4771980610467632
0.2603011704452394
0.5536278385192663
0.17601121449411616
0.6125821653783994
0.054064558094406356
0.1797723075539106
0.3641897521759678
0.21479712083308683
0.25379635691321345
0.36801481367797845
0.31722163702259676
0.3555192256144779
0.16875354456278135
0.5579268853885904
0.6997775293289237
0.30328641297858416
0.1670390834456547
0.43704393638068656
0.5210092850730658
0.2154003729926398
0.32201682615073085
0.01841633987692115
0.48036065677293993
0.4450024328322524
0.4979244788223222
0.2604298363385941
0.6054023145218036
0.4578110131102368
0.3363142449799853
0.3726928880647857
0.3512459986138854
0.7413988772366794
0.1968557587921027
0.12556302124948493
0.23870511692661167
0.5880550673357832
0.8219708027232505
0.2715742168272415
0.5479307687517311
0.12128217460009705
0.3107688106258456
0.06894643412904039
0.021371659578936053
0.21688934622812694
0.6193117585080765
0.6175334841136649
0.465836232859995
0.4598551457654814
0.5233667534397227
0.3109564514697852
0.9011815816209852
0.21200715872662973
0.6146783881902045
0.08454234828958929
0.2995234782643744
0.16449463347198245
0.7457989633032793
0.14461649411009614
0.27705872624399397
0.25664810831900375
0.48620644346360464
0.2818980017582702
0.3509006006356986
0.4697025608656785
0.832644483385249
0.21077156633183136
0.4142998776119457
0.7746906044455104
0.5715052091819115
0.3339875283746666
0.41487347803814545
0.21111521677633815
0.5642872100079177
0.6764471531701275
0.3440670274643287
0.2116214249054656
0.5506575581851301
0.10923854764026114
0.272671763198079
0.3225798527310352
0.36082023186463136
0.35329967645033983
0.5593825157323774
0.06958492827347251
0.9908771111179405
0.10466624227250199
0.5530731183311633
0.3444051637636047
0.4148344840923299
0.9650298057989803
0.5162783571787236
0.5653280621270005
0.7635771567975559
0.330209819097437
0.30954219607985844
0.6982096050754607
0.011584110517104396
0.8258515888062821
0.4168941226927409
0.5620785937180701
0.48695525232395165
0.6832013722739065
0.4806072403808899
0.22743903266052656
0.0
0.27025210748506207
0.16014323697677407
0.23919369009543862
0.084365984608186
0.07581662866060779
0.31346538942847657
0.48320665973394583
0.11942458302250542
0.7139041803492763
0.265809056292827
0.6999920621227522
0.14562312180156256
0.44863216925419214
0.5672074474120363
0.20870375621234116
0.0896505870305806
0.18467538526109867
0.6829732249605454
0.5873026006296816
0.24639522825546406
0.629834534067497
0.24859379188292885
0.6351164403743748
0.572381521360078
0.49223212457061727
0.11985765327588277
0.2485943376717728
0.7171541027810411
0.15327130594042232
0.25074599286749955
0.10031531446018516
0.09880924227361976
0.38785706310870816
0.19784790234132343
0.29643846956215597
0.2955998670555877
0.15535098066722103
0.4861970009903436
0.2909601467181887
0.04665514907470181
0.3396669812933606
0.5247262887944719
0.102416231278459
0.1705566261408225
0.6436675482114964
0.37099479604855434
0.2508385226825714
0.29726731330536643
0.36697041862191293
0.40594228208760286
0.4611904854629462
0.3712431206337071
0.43097953025037
0.362973584277216
0.3712483315065608
0.07311560717044868
0.23814252971209438
0.3744016463504292
0.4708454596831788
0.6905001564113925
0.4464492824466224
0.018430141517085163
0.0861410323900963
0.42340358434067676
0.28557106117865005
0.5675147655203465
0.243745114153677
0.4825686126202361
0.0
0.10289386722405819
0.4477481138866759
0.8950504929575853
0.12488000738766869
0.547942071381086
0.3452385286089287
0.5759512205345573
0.19557771508952837
0.31916618726046303
0.32039511217861544
0.5557087993134501
0.5248351877566452
0.4663665709712751
0.6502115375079198
0.8091611693757006
0.21849353542708855
0.5289142404762727
0.5872850091417512
0.6443327427913051
0.5581017791300398
0.29383595330288037
0.5050657198058246
0.03941180272026801
0.029626493033748813
0.5210649515794518
0.8450848094799317
0.5590724476189328
0.0144775839712451
0.1391032886910195
0.6765443252310903
0.28329118505923667
0.8107063909358168
0.8592810113379481
0.5884875766006363
0.21421492203042763
0.027123262266981252
0.30416395267838675
0.08359005790194474
0.24835144663856068
0.061924699933919136
0.1283151189381086
0.3738031878290051
0.41855237684187674
0.4182713127071915
0.25335830533196635
0.2825766335044163
0.4572877873668219
0.8145557456060927
0.19909841743772494
0.28216112368108687
0.45865555199394004
0.4257511623512099
0.467747043483728
0.7983942304188214
0.38733401068788825
0.4894493722322309
0.42560637831435344
0.04502456727204729
0.6589392390634259
0.0
0.23243930010375663
0.42622131851397216
0.52789369277639
0.27531423769262037
0.366420562235827
0.6203474142106412
0.460664324433516
0.24418514981328676
0.4380812934133984
0.8163036090404117
0.6285066437808433
0.3779594148518374
0.09999414721667726
0.01726705480237395
0.28361409679012123
0.4645000995696738
0.319198461556778
0.17342810360637406
0.43301540850906595
0.27129919696706345
0.647460276874906
0.20571459987354757
0.5422590204993378
0.32633477497334834
0.55602445467335
0.33761445208156754
0.5313316713342191
0.29239812520193936
0.48548479157308316
0.16947004873692245
0.5307295132504802
0.4728798915067888
0.255197650221254
0.5782972287944723
0.48203380884078095
0.687871760402714
0.17162126300144814
0.11898409969480322
0.35729070480618674
0.38485348117297696
0.7715675197303287
0.5973281824138977
0.12902618084222778
0.4723947710379188
0.452390372111791
0.2674828987455141
0.28766127997034296
0.08958544142107427
0.8901602598017964
0.8704634467078183
0.5426770199886666
0.1773153839420234
0.35643561767266635
0.04247121701907208
0.3588467857235395
0.5335840520483598
0.44741490836105374
0.8012664988477718
0.5564725877657608
0.6911742266116668
0.19628823040756593
0.13035928604411207
0.4019321074993145
0.4793175446023019
0.0
0.618170891808808
0.1813644945937244
0.5571979186962172
0.21999574745538647
0.3531098809720935
0.09847018958873954
0.3286106424343236
0.14638862491783267
0.12650371820789308
0.6953768015776184
0.178384634777783
0.42153658142231126
0.4264230748951393
0.29617565094436943
0.30035812691011904
0.17977082764795765
0.38091830161424106
0.6637982187591198
0.7454970958935816
0.4419967459235451
0.3979608289341763
0.516265112230866
0.6808565822734978
0.5287750049476975
0.26288588748439673
0.9064947956922995
0.40135730670788716
0.43671062687021034
0.4621309094870971
0.48868067630573936
0.4216888738398599
0.4510494733897591
0.33585003609085173
0.25597550632429394
0.1485907721293409
0.7627557204185165
0.6562731594180546
0.5302180601801808
0.3726378120158996
0.7951918536171464
0.3086259813803248
0.16176116056212914
0.30022368735209315
0.7534495198845713
0.4512193858997315
0.8261843421883572
0.31715931615007376
0.47021357195948005
0.0
0.5570749970869577
0.7528123807351739
0.15332243643077587
0.35408554115699525
0.28764462456825113
0.8250580691253016
0.4506383466878525
0.4554082844077342
0.6072743279023969
0.6004781942336097
0.9511124488458338
0.3504533249390885
0.3702383513541586
0.18336260842201685
0.18034082872625412
0.5420244182727872
0.3694380145338017
0.7438011415431189
0.5394028650499024
0.18075445790863143
0.37713378749997384
0.36146660602498004
0.4396212227918638
0.46758826643445284
0.1979000275575265
0.2904240745873301
0.6086596266509356
0.5949290314564755
0.4735909468311975
0.6908576610540487
0.661319609674349
0.7085657570390863
0.2802498086945041
0.7336091310607114
0.4739808924830984
0.19226417584028682
0.2764042585283075
0.058466648639741325
0.5738992239215592
0.3173848735705174
0.30898143225079255
0.29641673820181846
0.32193336510027853
0.16434863609358918
0.3808603369462261
0.7202591453153221
0.10704198167414747
0.4255590295962735
0.7728335312712906
0.25212267978117603
0.16973702042875155
0.09876147432416682
0.6345529847366754
0.8062665028542606
0.3712408664421903
0.4533121883270246
0.0764261947004089
0.6097370113824815
0.6591194904720752
0.22483112822357
0.3563363406282235
0.06310749896757861
0.2378754745648009
0.49390905750600855
0.23793988884680106
0.26553331322824497
0.8328311050658393
0.39674274612762794
0.09268288116981471
0.4680207168163399
0.2291675604663489
0.41000539035707045
0.08527439132604259
0.6643047316547648
0.3047564284579157
0.19689896744736568
0.6050304052572152
0.22499939517883594
0.2389664091025494
0.2839755837781778
0.07675523621674929
0.46439672617472716
0.09719498442313773
0.4957252990918523
0.10530582344952583
0.3728036531786476
0.24746180509440074
0.256319750674441
0.8582905907250159
0.2761166597844537
0.3162287307322209
0.4149916427397238
0.6724474076094362
0.6673470712354008
0.34092507110549997
0.17475745380917646
0.29418108616159583
0.07186859121667366
0.7118482197803239
0.25266818711785377
0.6454216136544371
0.492341810227124
0.32566994215880085
0.19708193492032872
0.05310191362351435
0.4376345914754887
0.6870765221124602
0.1490089842205774
0.41158682205173747
0.42104697719427536
0.5648939958490649
0.6762380982447788
0.4490479708668005
0.05581004937656597
0.23423543143093223
0.0
0.4359258296285462
0.8755877422972745
0.09970642960309273
0.6101951268742944
0.7080512497789878
0.15407773968076033
0.8598008957020151
0.40212964931414863
0.4119284212444811
0.5579268853885904
0.44988364284621074
0.3856973498773415
0.2344546993067294
0.7039951798759962
0.2871440631981422
0.7775801492557847
0.24023062405638984
0.7552659949492555
0.13866329959855306
0.21154838962841038
0.3176875439975134
0.3963709755191392
0.07806255073515139
0.3492642003343839
0.05844402513703023
0.15705248584134723
0.8192745460392863
0.3016813414441019
0.26839346004469783
0.11115537110944901
0.09894823235707084
0.7162566944216482
0.28093115046139394
0.3453944688523051
0.6789834189433057
0.5254261873106063
0.04820510519310606
0.007658782338982428
0.3875159600022849
0.1443723800966903
0.6159093356734646
0.38963433145005094
0.5032127499315637
0.305134347149422
0.43139064830820717
0.4373049334230603
0.058065943525116404
0.0
0.1525010806605911
0.21581561082679795
0.6303430411552796
0.4086602025665096
0.20051392110257393
0.42757276080611883
0.3172075615715955
0.7036303098225245
0.11078522976838534
0.4582038509825474
0.5953511187081603
